44377 181 3956736 1
44765 218 23740416 1
44848 220 27697152 1
45202 239 83091456 1
45362 207 7913472 1
46774 163 344064 1
47685 149 86016 1
47741 161 258048 1
47780 160 172032 1
48024 162 172032 1
48030 159 172032 1
48542 121 252 1
48544 123 252 1
48577 117 252 1
48648 109 756 1
48679 102 252 1
49021 116 252 1
49056 131 756 1
49234 140 18648 1
49241 141 9072 1
49251 149 1008 1
50344 139 9072 1
50501 156 344064 1
53396 156 1008 1
54534 103 252 1
163423 151 1032192 1
164626 149 602112 1
165337 160 1032192 1
165351 156 344064 1
165399 155 172032 1
165401 152 1548288 1
166368 153 2064384 1
174698 151 86016 1
174702 150 86016 1
174969 149 172032 1
175065 148 86016 1
175131 158 516096 1
176698 220 27697152 1
183000 148 86016 1
471320 93 416 1
471321 94 416 1
471858 86 1248 1
471897 78 208 1
472114 90 1872 1
472220 85 624 1
472620 78 208 1
472664 63 208 1
472817 81 208 1
472822 80 208 1
474102 91 1872 1
774821 169 96 1
774846 162 3328 1
775117 160 3328 1
775121 165 96 1
775122 164 96 1
775390 147 6656 1
775426 152 3328 1
775574 143 3328 1
775614 138 3328 1
775639 137 1664 1
775641 138 832 1
775702 131 3328 1
775754 131 3328 1
775755 131 4992 1
776266 153 96 1
872423 56 416 1
877408 57 208 1
877416 49 104 1
1150293 62 336 1
1150358 63 168 1
1150360 65 168 1
1150893 66 84 1
1150972 68 84 1
1151063 77 252 1
1151099 78 252 1
1151131 79 252 1
1151197 82 252 1
1151220 67 84 1
1151262 70 84 1
1151266 72 168 1
1151928 88 252 1
1151929 90 252 1
1151933 87 504 1
1151935 85 252 1
1176737 50 12 1
1176739 51 12 1
1178702 59 72 1
1178720 60 72 1
1180656 58 72 1
1184543 94 756 1
1184576 92 252 1
1184580 93 252 1
1184630 98 1008 1
1184631 99 1764 1
1184669 100 1764 1
1184673 101 756 1
1185494 58 24 1
1741545 38 12 1
1742005 35 4 1
1742040 41 12 1
1761017 123 9152 1
1761019 105 416 1
1761065 130 9152 1
1761082 114 12480 1
1761271 106 832 1
1761386 113 2496 1
1764613 95 416 1
1764845 100 416 1
1764892 97 416 1
1765043 89 208 1
1766019 92 1040 1
1790256 107 416 1
1953038 18 4 1
1954495 1 1 1
1955148 11 2 1
1955367 12 4 1
1955378 14 4 1
1955391 16 4 1
1955401 19 4 1
1956538 29 4 1
1956553 27 4 1
1956557 32 4 1
1956643 33 4 1
1956978 52 104 1
1957089 34 2 1
1957113 29 2 1
1957118 30 2 1
1957120 29 2 1
1957433 15 2 1
1957448 26 2 1
1957454 25 2 1
1957458 24 2 1
1957533 22 2 1
1957588 13 2 1
1957624 12 2 1
1957638 11 2 1
1957658 10 2 1
1957714 4 1 1
1957728 0 1 1
