0 957
0.056982 958
0.0700951 961
0.0920296 962
0.102043 963
0.123978 964
0.133991 965
0.157118 966
0.175953 972
0.198126 972
0.22006 972
0.242949 973
0.264168 973
0.27895 973
0.288963 973
0.31209 974
0.322104 975
0.332117 976
0.342131 978
0.363111 978
0.385046 978
0.406981 978
0.429153 978
0.451088 979
0.466108 979
0.476122 979
0.497103 979
0.512123 979
0.538111 979
0.555038 979
0.564098 979
0.579119 980
0.589132 980
0.602961 980
0.625134 981
0.648022 982
0.669956 982
0.679016 983
0.700951 983
0.715971 984
0.725985 985
0.735998 985
0.759125 985
0.781059 986
0.79608 986
0.810146 988
0.825167 989
0.838995 989
0.861168 990
0.883102 990
0.897169 991
0.919104 992
0.93317 993
0.955105 993
0.965118 993
0.987053 994
1.00207 994
1.02305 995
1.03307 995
1.04713 995
1.06812 996
1.091 996
1.11294 997
1.12796 998
1.14894 998
1.17111 998
1.18613 999
1.19996 999
1.21403 999
1.22809 999
1.25003 1000
1.26505 1001
1.28698 1002
1.30916 1002
1.33109 1003
1.34611 1003
1.35994 1004
1.38211 1004
1.405 1005
1.41907 1005
1.43409 1007
1.44815 1007
1.47009 1008
1.49202 1008
1.513 1008
1.53995 1008
1.56212 1008
1.58405 1008
1.59907 1009
1.61409 1009
1.62816 1009
1.63913 1009
1.65415 1010
1.66798 1011
1.69015 1011
1.70112 1011
1.71113 1012
1.72496 1012
1.74594 1012
1.76811 1013
1.78313 1014
1.80507 1014
1.82605 1015
1.84107 1015
1.863 1015
1.87302 1015
1.88804 1016
1.90306 1016
1.91808 1017
1.94001 1018
1.95408 1018
1.97601 1018
1.99699 1018
2.01797 1018
2.033 1019
2.04706 1019
2.069 1019
2.07996 1020
2.10214 1021
2.12312 1021
2.14505 1022
2.16007 1022
2.17104 1023
2.19202 1024
2.20299 1025
2.22516 1026
2.23494 1026
2.25711 1026
2.27714 1026
2.29216 1026
2.31409 1026
2.33006 1027
2.35105 1027
2.36607 1028
2.38204 1028
2.40302 1029
2.424 1029
2.43902 1029
2.4581 1054
2.47908 1055
2.496 1063
2.51698 1064
2.5351 1066
2.55799 1067
2.57397 1067
2.58899 1068
2.60997 1069
2.63095 1070
2.64812 1083
2.66194 1083
2.67315 1084
2.68412 1084
2.71201 1087
2.72703 1088
2.74897 1089
2.76399 1090
2.78711 1098
2.80905 1099
2.82502 1103
2.84004 1103
2.85506 1104
2.87604 1104
2.89202 1104
2.91705 1105
2.93112 1105
2.95615 1105
2.97713 1106
2.99215 1106
3.01313 1106
3.02505 1107
3.04604 1107
3.05796 1107
3.07298 1108
3.09396 1108
3.11494 1108
3.13616 1108
3.15714 1109
3.16906 1109
3.18003 1110
3.20101 1110
3.21603 1111
3.227 1111
3.24917 1112
3.2711 1112
3.29304 1112
3.31402 1112
3.33405 1112
3.34907 1113
3.36003 1113
3.38316 1113
3.39508 1113
3.40605 1113
3.42107 1113
3.43204 1113
3.45397 1114
3.47614 1114
3.48711 1114
3.50213 1115
3.51715 1115
3.53193 1115
3.55697 1116
3.57914 1116
3.60012 1116
3.62206 1116
3.63398 1116
3.64494 1117
3.66712 1117
3.67808 1117
3.6931 1117
3.70812 1117
3.7291 1117
3.74913 1117
3.76105 1117
3.78609 1118
3.80802 1118
3.82304 1118
3.83496 1118
3.85594 1119
3.87096 1119
3.89314 1119
3.91316 1120
3.93605 1120
3.94797 1120
3.96299 1121
3.97897 1121
3.99113 1122
4.00305 1122
4.02594 1122
4.0381 1123
4.05908 1123
4.0791 1124
4.10199 1124
4.11415 1125
4.12798 1125
4.14014 1126
4.16207 1126
4.18401 1127
4.20499 1127
4.22001 1128
4.23217 1128
4.2541 1128
4.26912 1129
4.28295 1129
4.30608 1130
4.32801 1133
4.34113 1134
4.36211 1134
4.38213 1135
4.39501 1137
4.40717 1138
4.42195 1138
4.44317 1139
4.46415 1140
4.47702 1141
4.498 1142
4.51994 1142
4.54903 1143
4.56405 1143
4.58503 1143
4.59695 1144
4.60911 1144
4.63104 1145
4.64416 1148
4.66609 1149
4.67896 1151
4.69995 1151
4.72116 1152
4.73309 1152
4.74596 1152
4.76599 1153
4.78697 1153
4.80008 1154
4.82011 1154
4.83298 1155
4.85396 1155
4.87494 1155
4.8871 1156
4.89902 1156
4.91214 1156
4.93312 1156
4.94504 1157
4.96602 1157
4.97794 1157
4.99105 1157
5.01204 1158
5.02396 1158
5.04613 1158
5.06616 1158
5.08595 1158
5.0981 1159
5.11909 1159
5.13101 1159
5.14317 1159
5.15604 1160
5.16796 1160
5.19013 1160
5.21111 1160
5.22304 1160
5.24306 1161
5.26404 1161
5.28407 1161
5.29695 1161
5.3091 1162
5.32293 1162
5.337 1164
5.35798 1165
5.37014 1165
5.38301 1165
5.40304 1165
5.42498 1166
5.43714 1166
5.45812 1166
5.47099 1166
5.4841 1166
5.49603 1167
5.50914 1167
5.53203 1167
5.55301 1167
5.56707 1168
5.58805 1168
5.615 1168
5.62906 1168
5.64313 1169
5.66316 1169
5.68414 1169
5.69701 1169
5.70893 1170
5.72205 1170
5.73516 1170
5.759 1171
5.77998 1171
5.795 1176
5.81598 1177
5.83005 1179
5.84316 1180
5.86414 1181
5.88512 1181
5.90515 1182
5.91803 1182
5.93209 1182
5.95212 1183
5.96714 1184
5.97906 1184
6.00004 1185
6.02007 1185
6.04105 1185
6.05416 1186
6.06704 1187
6.08802 1188
6.10113 1188
6.12116 1188
6.14095 1188
6.16217 1189
6.17409 1189
6.18696 1189
6.19912 1189
6.212 1190
6.23417 1195
6.25396 1196
6.26707 1197
6.28805 1197
6.30903 1198
6.32095 1198
6.33502 1202
6.35505 1202
6.37698 1202
6.39606 1203
6.40917 1203
6.42204 1203
6.43706 1204
6.45709 1204
6.47807 1204
6.4981 1205
6.51097 1205
6.53505 1205
6.54912 1205
6.56199 1206
6.58298 1206
6.603 1206
6.62303 1206
6.63614 1207
6.65116 1207
6.67 1207
6.69003 1207
6.70409 1207
6.72412 1207
6.73699 1207
6.75106 1208
6.77109 1208
6.78396 1208
6.79708 1208
6.80995 1208
6.82998 1208
6.85096 1208
6.87099 1209
6.88505 1209
6.89697 1209
6.91009 1209
6.93011 1209
6.94299 1210
6.96397 1210
6.97613 1210
6.989 1210
7.00998 1211
7.03096 1211
7.05099 1211
7.06601 1212
7.08008 1212
7.09295 1212
7.11298 1212
7.12705 1212
7.14111 1213
7.16114 1213
7.18212 1213
7.195 1213
7.21002 1213
7.22408 1213
7.24506 1214
7.25794 1214
7.27201 1214
7.28416 1214
7.30515 1214
7.32493 1214
7.33995 1214
7.35998 1215
7.38001 1215
7.39408 1215
7.4141 1215
7.42698 1215
7.447 1215
7.46202 1215
7.47514 1216
7.49516 1216
7.51615 1216
7.53999 1216
7.56311 1216
7.57694 1216
7.59006 1216
7.60412 1216
7.6251 1216
7.63798 1217
7.65204 1217
7.66516 1217
7.68495 1217
7.70617 1217
7.72715 1218
7.74693 1218
7.76005 1218
7.78008 1218
7.8001 1218
7.81298 1218
7.83515 1218
7.85613 1218
7.87115 1219
7.89094 1219
7.90405 1219
7.92408 1219
7.93695 1219
7.95794 1219
7.97105 1219
7.98512 1219
7.99799 1219
8.01706 1220
8.03804 1220
8.05807 1220
8.07214 1220
8.09216 1220
8.11315 1220
8.12602 1220
8.14009 1220
8.16011 1220
8.17394 1220
8.18706 1220
8.20112 1221
8.214 1221
8.22806 1221
8.24904 1221
8.26907 1221
8.28314 1221
8.29601 1221
8.31008 1221
8.32295 1221
8.33607 1221
8.35609 1221
8.37016 1221
8.38995 1221
8.41308 1221
8.4331 1222
8.44717 1222
8.46004 1222
8.48103 1222
8.50105 1222
8.51512 1222
8.53205 1223
8.54707 1223
8.55994 1223
8.58116 1223
8.60095 1224
8.62098 1224
8.64196 1225
8.65602 1225
8.67105 1226
8.69107 1226
8.7111 1226
8.73208 1226
8.75211 1227
8.76594 1227
8.78 1227
8.79312 1227
8.80814 1228
8.82196 1228
8.83508 1228
8.8551 1228
8.87799 1228
8.89802 1229
8.919 1229
8.93307 1229
8.95214 1229
8.96597 1229
8.98004 1230
9.00006 1230
9.02009 1230
9.04012 1230
9.05395 1230
9.06801 1230
9.08208 1230
9.10211 1231
9.12309 1231
9.13715 1231
9.15813 1231
9.17816 1231
9.19199 1231
9.20606 1231
9.22012 1232
9.24015 1232
9.25994 1233
9.27496 1233
9.28903 1233
9.30309 1233
9.31716 1233
9.33814 1234
9.35817 1234
9.37295 1234
9.38702 1234
9.40108 1234
9.42111 1234
9.44209 1235
9.45497 1235
9.47595 1235
9.49502 1235
9.51505 1235
9.53507 1235
9.55606 1236
9.57012 1236
9.59015 1236
9.60517 1236
9.619 1236
9.63902 1236
9.66811 1237
9.68909 1237
9.70411 1237
9.72509 1238
9.73916 1238
9.75394 1238
9.76801 1238
9.78804 1238
9.80306 1238
9.81712 1238
9.8381 1239
9.85217 1239
9.87196 1239
9.88603 1239
9.90701 1239
9.92703 1239
9.94611 1239
9.96709 1240
9.98712 1240
10.0009 1240
10.021 1240
10.042 1240
10.0629 1241
10.083 1241
10.098 1241
10.112 1241
10.129 1241
10.1449 1242
10.1662 1242
10.181 1242
10.201 1242
10.216 1243
10.231 1243
10.246 1243
10.2661 1243
10.2861 1244
10.3061 1244
10.3271 1244
10.3471 1244
10.3681 1244
10.3819 1244
10.4032 1244
10.4229 1244
10.4442 1244
10.4589 1244
10.483 1245
10.4971 1245
10.5121 1245
10.535 1245
10.551 1245
10.5669 1245
10.582 1245
10.603 1246
10.618 1246
10.633 1246
10.648 1246
10.669 1247
10.689 1247
10.704 1247
10.7191 1247
10.74 1247
10.7601 1247
10.7801 1247
10.7961 1248
10.8111 1248
10.8311 1248
10.8511 1248
10.8709 1248
10.8922 1248
10.91 1249
10.9301 1249
10.9441 1249
10.9591 1249
10.9789 1249
10.994 1249
11.0102 1249
11.0281 1250
11.0421 1250
11.0631 1250
11.0781 1250
11.0931 1250
11.1141 1251
11.1392 1251
11.1611 1251
11.1821 1251
11.1971 1251
11.2171 1251
11.236 1251
11.2522 1251
11.272 1251
11.291 1252
11.3111 1252
11.3311 1252
11.3461 1252
11.3611 1252
11.3821 1252
11.4021 1252
11.4172 1252
11.4369 1252
11.4541 1252
11.4691 1253
11.4841 1253
11.4992 1253
11.519 1253
11.538 1254
11.554 1254
11.5712 1254
11.591 1254
11.6072 1254
11.627 1254
11.6429 1254
11.6591 1254
11.6742 1254
11.694 1255
11.7171 1255
11.7381 1255
11.759 1255
11.78 1255
11.796 1255
11.816 1255
11.8351 1255
11.8511 1255
11.8661 1255
11.8861 1255
11.904 1255
11.9231 1255
11.94 1256
11.96 1256
11.976 1256
11.9901 1256
12.006 1256
12.022 1256
12.0411 1256
12.0561 1256
12.0721 1256
12.0912 1256
12.1081 1256
12.1231 1256
12.14 1257
12.161 1257
12.182 1257
12.2011 1257
12.2201 1257
12.239 1257
12.259 1258
12.275 1258
12.291 1258
12.3072 1258
12.3219 1258
12.3401 1259
12.3551 1259
12.3701 1259
12.3911 1259
12.4111 1259
12.4321 1259
12.4521 1259
12.471 1260
12.49 1260
12.5091 1260
12.5291 1260
12.5451 1260
12.5661 1260
12.5821 1261
12.6021 1261
12.6212 1261
12.6421 1261
12.6581 1262
12.677 1262
12.6941 1262
12.711 1262
12.732 1263
12.7501 1263
12.774 1263
12.794 1263
12.81 1263
12.83 1264
12.851 1264
12.871 1264
12.8901 1264
12.9061 1264
12.922 1265
12.938 1265
12.954 1265
12.97 1266
12.99 1266
13.011 1267
13.027 1267
13.0479 1268
13.068 1268
13.0839 1268
13.099 1268
13.1152 1269
13.135 1269
13.155 1269
13.1741 1269
13.1931 1269
13.2132 1270
13.231 1270
13.2492 1270
13.268 1270
13.288 1270
13.303 1270
13.319 1270
13.3359 1271
13.356 1271
13.376 1271
13.391 1271
13.4079 1271
13.4242 1271
13.4389 1271
13.459 1271
13.474 1271
13.4931 1271
13.5081 1271
13.5241 1271
13.5431 1271
13.5641 1272
13.5829 1272
13.6011 1272
13.6201 1272
13.6402 1272
13.6571 1272
13.675 1272
13.6909 1272
13.711 1272
13.73 1272
13.746 1272
13.762 1272
13.7811 1272
13.8011 1272
13.8199 1272
13.839 1273
13.8571 1273
13.875 1273
13.8931 1273
13.911 1273
13.926 1273
13.9451 1273
13.9611 1273
13.9811 1273
13.9999 1273
14.0162 1273
14.035 1274
14.055 1274
14.0741 1274
14.0932 1274
14.1101 1274
14.1261 1274
14.143 1274
14.1621 1274
14.179 1274
14.1981 1274
14.214 1274
14.23 1275
14.2491 1275
14.2691 1275
14.2891 1275
14.308 1275
14.3251 1275
14.344 1275
14.3621 1275
14.38 1275
14.3971 1275
14.4131 1275
14.4291 1276
14.4451 1276
14.4651 1276
14.483 1276
14.503 1276
14.5221 1276
14.5462 1276
14.5671 1276
14.5872 1276
14.606 1276
14.6232 1276
14.6401 1277
14.6592 1277
14.678 1277
14.6961 1277
14.715 1277
14.7431 1277
14.7591 1277
14.7791 1277
14.7951 1277
14.8151 1277
14.8351 1278
14.853 1278
14.8721 1278
14.8911 1278
14.909 1278
14.926 1278
14.9431 1278
14.9601 1279
14.981 1279
15.0011 1280
15.0211 1280
15.0421 1280
15.0621 1281
15.0812 1281
15.099 1281
15.115 1281
15.135 1282
15.1551 1282
15.173 1283
15.1901 1283
15.2102 1283
15.2299 1283
15.2481 1284
15.2671 1284
15.285 1284
15.3041 1285
15.322 1285
15.3401 1286
15.3651 1286
15.3852 1287
15.404 1287
15.424 1287
15.4431 1287
15.46 1287
15.4791 1288
15.4982 1288
15.517 1288
15.538 1288
15.5561 1288
15.5752 1289
15.594 1289
15.614 1289
15.635 1289
15.6519 1290
15.671 1290
15.6891 1290
15.7051 1290
15.7239 1292
15.743 1292
15.7611 1292
15.7781 1292
15.7959 1293
15.8141 1293
15.8331 1293
15.852 1293
15.872 1293
15.8911 1293
15.908 1293
15.9271 1293
15.945 1294
15.9631 1294
15.9831 1294
16 1294
16.0182 1295
16.036 1295
16.0551 1295
16.0739 1295
16.094 1296
16.1111 1296
16.129 1296
16.1471 1296
16.165 1296
16.1819 1297
16.201 1297
16.2201 1297
16.237 1297
16.2551 1297
16.273 1298
16.2899 1298
16.31 1299
16.3291 1299
16.3472 1300
16.3651 1300
16.3832 1300
16.402 1301
16.4211 1301
16.438 1301
16.4649 1301
16.4831 1301
16.5009 1302
16.52 1302
16.5401 1302
16.5601 1302
16.577 1302
16.5961 1303
16.614 1303
16.634 1304
16.655 1307
16.675 1307
16.695 1308
16.7131 1309
16.7332 1309
16.7511 1309
16.7711 1309
16.789 1309
16.8071 1310
16.825 1310
16.844 1310
16.8622 1310
16.88 1310
16.8982 1311
16.916 1311
16.9351 1311
16.9551 1311
16.9752 1311
16.993 1311
17.0121 1312
17.031 1312
17.05 1312
17.0751 1312
17.0941 1312
17.113 1312
17.1311 1313
17.149 1313
17.174 1313
17.195 1314
17.2131 1314
17.231 1314
17.2501 1314
17.2691 1315
17.2892 1315
17.3061 1315
17.3261 1315
17.344 1316
17.3621 1316
17.3821 1316
17.4 1317
17.4181 1317
17.4379 1318
17.457 1319
17.4761 1320
17.4952 1320
17.514 1321
17.534 1321
17.5531 1321
17.5731 1321
17.592 1322
17.611 1322
17.6301 1322
17.648 1323
17.6671 1324
17.6861 1324
17.7062 1325
17.7259 1328
17.746 1329
17.765 1329
17.7832 1329
17.802 1329
17.822 1330
17.8401 1330
17.859 1330
17.8771 1330
17.8959 1330
17.915 1331
17.9331 1331
17.9532 1331
17.971 1331
17.9911 1332
18.0111 1332
18.029 1332
18.048 1332
18.0662 1333
18.085 1333
18.1031 1333
18.121 1334
18.1401 1334
18.158 1334
18.177 1334
18.1952 1334
18.2149 1335
18.234 1335
18.254 1335
18.2731 1335
18.292 1335
18.3091 1335
18.328 1336
18.347 1336
18.3651 1337
18.383 1337
18.4011 1337
18.42 1338
18.441 1338
18.4591 1338
18.481 1342
18.5001 1343
18.5192 1345
18.5411 1345
18.5611 1345
18.5812 1346
18.6 1346
18.6181 1346
18.6369 1346
18.657 1347
18.676 1348
18.6951 1349
18.713 1349
18.7321 1350
18.7521 1350
18.7709 1350
18.791 1350
18.81 1351
18.8291 1351
18.846 1351
18.8642 1351
18.883 1351
18.9011 1351
18.919 1352
18.939 1352
18.9571 1352
18.976 1352
18.996 1352
19.0151 1353
19.032 1353
19.0501 1353
19.068 1353
19.0871 1354
19.1061 1354
19.124 1354
19.1431 1354
19.161 1355
19.1801 1355
19.1991 1355
19.217 1355
19.237 1356
19.258 1356
19.2771 1357
19.295 1357
19.3141 1357
19.335 1358
19.3532 1359
19.372 1359
19.3911 1359
19.4089 1360
19.428 1360
19.4461 1360
19.465 1360
19.485 1361
19.5031 1361
19.5241 1361
19.5479 1362
19.5661 1363
19.5839 1363
19.603 1363
19.623 1363
19.6412 1363
19.6609 1364
19.6822 1364
19.7001 1365
19.721 1366
19.7392 1366
19.757 1366
19.7752 1366
19.793 1366
19.8131 1367
19.8331 1367
19.8531 1367
19.8731 1367
19.892 1367
19.9101 1367
19.928 1368
19.9451 1368
19.9649 1369
19.984 1370
20.0031 1370
20.021 1370
20.0391 1371
20.057 1371
20.077 1371
20.097 1371
20.117 1371
20.1352 1372
20.154 1372
20.1731 1372
20.191 1372
20.211 1372
20.2301 1373
20.2479 1373
20.267 1374
20.2861 1374
20.303 1374
20.324 1374
20.3412 1375
20.3609 1375
20.3781 1375
20.395 1375
20.416 1375
20.4341 1375
20.4542 1376
20.474 1376
20.4949 1376
20.5131 1376
20.535 1376
20.5531 1376
20.5719 1377
20.5901 1377
20.607 1377
20.627 1377
20.647 1377
20.6671 1377
20.6861 1378
20.704 1378
20.7241 1378
20.7419 1378
20.7601 1378
20.777 1378
20.797 1378
20.8139 1378
20.8352 1378
20.8549 1378
20.875 1379
20.8931 1379
20.91 1379
20.9301 1379
20.9501 1379
20.968 1379
20.9851 1379
21.003 1379
21.0211 1379
21.039 1379
21.0581 1379
21.075 1379
21.095 1380
21.1141 1380
21.1341 1380
21.1542 1380
21.174 1380
21.194 1380
21.2121 1381
21.2321 1381
21.2491 1382
21.266 1382
21.2841 1382
21.302 1382
21.322 1383
21.343 1383
21.363 1383
21.3799 1383
21.4 1383
21.425 1383
21.4419 1383
21.4641 1384
21.4829 1384
21.5001 1384
21.5201 1384
21.5421 1384
21.5611 1385
21.5809 1385
21.601 1385
21.6191 1385
21.636 1385
21.657 1386
21.677 1386
21.6951 1386
21.7121 1386
21.7321 1386
21.75 1386
21.7671 1386
21.786 1387
21.807 1387
21.8241 1387
21.842 1387
21.8592 1387
21.8761 1387
21.8961 1388
21.9131 1388
21.9331 1388
21.9531 1388
21.9731 1388
21.9932 1388
22.0129 1389
22.033 1389
22.052 1389
22.0702 1389
22.09 1389
22.1109 1389
22.1281 1389
22.145 1389
22.162 1389
22.182 1389
22.1992 1390
22.2189 1390
22.238 1390
22.2561 1390
22.2731 1390
22.2909 1390
22.31 1390
22.331 1390
22.3501 1390
22.3701 1390
22.3911 1390
22.408 1390
22.4261 1391
22.444 1391
22.4609 1391
22.48 1391
22.4969 1391
22.517 1391
22.5379 1391
22.5592 1391
22.5801 1391
22.598 1392
22.6161 1392
22.6331 1392
22.6531 1392
22.6731 1392
22.6901 1392
22.7101 1392
22.7311 1392
22.748 1393
22.768 1393
22.7861 1393
22.8062 1393
22.8231 1393
22.8441 1394
22.861 1394
22.881 1394
22.898 1394
22.9151 1394
22.9352 1395
22.9521 1395
22.9731 1395
22.9931 1395
23.0131 1396
23.0341 1396
23.051 1396
23.068 1396
23.0851 1396
23.1061 1396
23.1249 1397
23.1462 1397
23.164 1397
23.1841 1397
23.2041 1397
23.2241 1397
23.242 1397
23.2611 1397
23.278 1397
23.2952 1397
23.3121 1398
23.3321 1398
23.3591 1398
23.381 1398
23.401 1398
23.421 1399
23.4392 1399
23.4561 1399
23.4721 1399
23.494 1399
23.515 1399
23.536 1400
23.556 1400
23.577 1400
23.598 1401
23.618 1401
23.6361 1401
23.653 1401
23.6731 1401
23.69 1402
23.7072 1402
23.7269 1402
23.746 1402
23.766 1402
23.783 1403
23.8039 1403
23.8211 1403
23.838 1404
23.8581 1404
23.876 1404
23.8931 1404
23.911 1405
23.932 1405
23.948 1405
23.968 1405
23.9851 1406
24.0021 1406
24.019 1406
24.039 1407
24.0571 1407
24.0741 1407
24.0941 1407
24.1141 1407
24.1342 1408
24.152 1408
24.1721 1408
24.1921 1408
24.2081 1408
24.226 1409
24.2431 1409
24.2641 1409
24.2801 1409
24.297 1409
24.3189 1410
24.338 1410
24.3571 1410
24.374 1410
24.3931 1410
24.41 1411
24.43 1411
24.446 1411
24.466 1411
24.4861 1411
24.5051 1411
24.534 1412
24.5531 1412
24.5709 1412
24.5891 1413
24.606 1413
24.6241 1413
24.641 1414
24.658 1414
24.677 1414
24.698 1414
24.7171 1415
24.7381 1415
24.754 1415
24.7722 1416
24.7891 1416
24.8082 1416
24.832 1417
24.848 1417
24.869 1418
24.8871 1419
24.9031 1419
24.919 1419
24.9431 1420
24.9631 1420
24.9832 1421
24.9991 1421
25.0161 1421
25.032 1421
25.0521 1422
25.069 1422
25.0862 1422
25.1091 1422
25.1269 1422
25.147 1422
25.166 1422
25.182 1423
25.198 1423
25.214 1423
25.2302 1423
25.25 1423
25.269 1423
25.2891 1423
25.305 1424
25.326 1424
25.3451 1424
25.3611 1424
25.378 1424
25.399 1425
25.4171 1425
25.4371 1426
25.4531 1426
25.47 1426
25.4869 1427
25.5041 1427
25.5229 1427
25.547 1428
25.5721 1428
25.588 1429
25.604 1429
25.624 1429
25.6441 1430
25.6631 1430
25.6801 1430
25.696 1430
25.712 1430
25.727 1431
25.7461 1431
25.7649 1431
25.784 1431
25.804 1431
25.821 1431
25.841 1431
25.8582 1432
25.8741 1432
25.8901 1432
25.9061 1432
25.9221 1432
25.9421 1432
25.9621 1432
25.9809 1433
26 1433
26.0191 1433
26.036 1434
26.053 1435
26.072 1435
26.088 1435
26.108 1435
26.1281 1436
26.1481 1436
26.1641 1436
26.1841 1437
26.2051 1438
26.221 1439
26.237 1439
26.253 1439
26.2702 1439
26.2861 1439
26.3031 1439
26.3221 1439
26.3422 1439
26.3581 1439
26.3741 1440
26.3929 1440
26.412 1440
26.428 1440
26.4471 1440
26.4671 1440
26.4862 1440
26.505 1440
26.5281 1440
26.5481 1440
26.5651 1441
26.5861 1442
26.602 1443
26.6211 1444
26.6371 1444
26.654 1445
26.6721 1445
26.6881 1445
26.7081 1445
26.7241 1446
26.7429 1446
26.7642 1447
26.7789 1447
26.7951 1447
26.8161 1448
26.835 1448
26.855 1448
26.87 1448
26.8869 1449
26.9032 1449
26.9179 1449
26.9392 1449
26.9561 1450
26.9752 1450
26.994 1450
27.01 1450
27.0259 1450
27.046 1450
27.066 1450
27.086 1451
27.106 1451
27.1251 1451
27.142 1451
27.1621 1451
27.178 1452
27.194 1452
27.21 1453
27.2272 1453
27.245 1453
27.262 1454
27.282 1454
27.298 1454
27.317 1454
27.334 1455
27.354 1455
27.3731 1456
27.39 1456
27.406 1456
27.426 1457
27.447 1457
27.463 1457
27.483 1457
27.5021 1457
27.519 1458
27.5431 1458
27.564 1458
27.5822 1459
27.5981 1459
27.6141 1459
27.6341 1459
27.6511 1459
27.6721 1460
27.688 1460
27.7071 1460
27.7231 1460
27.7431 1461
27.7591 1462
27.7791 1462
27.7951 1462
27.8111 1462
27.827 1462
27.842 1463
27.8611 1463
27.8811 1463
27.899 1463
27.9191 1463
27.9381 1463
27.9531 1463
27.972 1463
27.988 1463
28.0042 1464
28.0201 1464
28.0371 1464
28.0561 1464
28.0721 1464
28.091 1464
28.1131 1464
28.1281 1464
28.1441 1464
28.1601 1465
28.1811 1465
28.2001 1465
28.219 1465
28.2381 1466
28.2581 1466
28.2772 1466
28.2931 1467
28.3082 1467
28.3241 1467
28.3411 1467
28.3561 1467
28.3771 1467
28.3971 1467
28.4131 1467
28.43 1468
28.45 1468
28.466 1468
28.4851 1468
28.5051 1468
28.5242 1468
28.5439 1468
28.563 1468
28.579 1468
28.5962 1469
28.6121 1469
28.63 1469
28.646 1469
28.661 1469
28.676 1469
28.697 1469
28.712 1469
28.728 1469
28.743 1469
28.759 1469
28.775 1470
28.7941 1470
28.8131 1470
28.831 1470
28.8501 1470
28.868 1470
28.8861 1470
28.903 1470
28.924 1470
28.9421 1470
28.96 1471
28.976 1471
28.9919 1471
29.007 1471
29.0232 1471
29.038 1471
29.053 1471
29.0689 1472
29.089 1472
29.1061 1472
29.1262 1472
29.1409 1472
29.16 1472
29.18 1472
29.1951 1472
29.2151 1472
29.2351 1473
29.2511 1473
29.2699 1473
29.285 1473
29.3012 1473
29.326 1473
29.3419 1473
29.362 1473
29.3791 1473
29.3941 1473
29.4101 1473
29.4271 1473
29.444 1474
29.459 1474
29.475 1474
29.495 1474
29.51 1474
29.5341 1474
29.5551 1474
29.573 1474
29.5889 1474
29.6052 1475
29.623 1475
29.6381 1475
29.6521 1475
29.6721 1475
29.691 1475
29.707 1476
29.722 1476
29.736 1476
29.7551 1476
29.774 1476
29.7952 1477
29.8131 1477
29.8281 1477
29.846 1477
29.8669 1478
29.882 1478
29.8991 1478
29.9141 1478
29.9301 1479
29.9489 1479
29.968 1479
29.9881 1479
30.0071 1479
30.0272 1480
30.0419 1480
30.057 1480
30.071 1480
30.087 1480
30.1011 1481
30.1161 1481
30.1311 1481
30.1499 1482
30.17 1482
30.185 1482
30.2 1482
30.22 1483
30.2401 1483
30.257 1483
30.2751 1483
30.2939 1483
30.3121 1483
30.3311 1484
30.3471 1484
30.3621 1484
30.3771 1484
30.3941 1484
30.4081 1484
30.4279 1485
30.443 1485
30.462 1485
30.477 1485
30.4921 1486
30.508 1486
30.5231 1486
30.545 1486
30.566 1486
30.581 1486
30.596 1487
30.611 1487
30.6292 1487
30.648 1487
30.6661 1487
30.6811 1487
30.6962 1488
30.715 1488
30.7322 1488
30.7481 1488
30.767 1489
30.786 1489
30.802 1489
30.8161 1489
30.8352 1490
30.849 1490
30.864 1490
30.884 1490
30.8981 1491
30.9172 1491
30.936 1491
30.9551 1491
30.9741 1492
30.988 1492
31.0061 1492
31.0211 1492
31.039 1492
31.054 1493
31.069 1493
31.0841 1493
31.0981 1493
31.117 1493
31.1351 1494
31.1542 1494
31.1689 1494
31.184 1494
31.199 1494
31.2181 1495
31.2331 1495
31.25 1495
31.2681 1495
31.2831 1496
31.3032 1496
31.323 1497
31.338 1497
31.353 1497
31.368 1497
31.3821 1497
31.4012 1498
31.419 1498
31.4341 1498
31.4491 1498
31.467 1498
31.4851 1498
31.5042 1498
31.5239 1498
31.5421 1498
31.5571 1498
31.5721 1499
31.59 1499
31.6081 1499
31.626 1499
31.6441 1499
31.6591 1499
31.6761 1500
31.6911 1500
31.708 1500
31.7271 1500
31.7411 1500
31.7562 1501
31.77 1501
31.7881 1501
31.8031 1501
31.8201 1501
31.8379 1501
31.853 1501
31.867 1501
31.8851 1501
31.903 1501
31.918 1501
31.934 1501
31.9521 1501
31.97 1502
31.9881 1502
32.0051 1502
32.022 1502
32.0361 1502
32.0501 1502
32.0652 1502
32.079 1502
32.0971 1502
32.115 1502
32.1321 1502
32.1472 1502
32.1651 1503
32.1801 1503
32.1951 1503
32.2092 1503
32.223 1503
32.2371 1503
32.2521 1503
32.269 1503
32.2871 1504
32.304 1504
32.3222 1504
32.336 1504
32.3541 1504
32.372 1504
32.388 1504
32.4051 1504
32.4202 1505
32.4361 1505
32.45 1505
32.4681 1505
32.4872 1505
32.501 1505
32.5191 1505
32.5391 1505
32.5551 1506
32.5739 1506
32.5911 1506
32.608 1506
32.6231 1506
32.6409 1507
32.6591 1507
32.676 1507
32.6931 1507
32.711 1507
32.7251 1508
32.7392 1508
32.7561 1508
32.7711 1508
32.7861 1508
32.8 1508
32.815 1509
32.831 1509
32.845 1509
32.8619 1509
32.8791 1509
32.897 1510
32.9111 1510
32.9251 1510
32.9401 1510
32.9552 1510
32.969 1511
32.9862 1511
33.0031 1511
33.02 1511
33.036 1511
33.051 1512
33.066 1512
33.0801 1512
33.0942 1512
33.1101 1513
33.1252 1513
33.139 1513
33.1531 1513
33.17 1513
33.1872 1514
33.2041 1514
33.221 1514
33.2379 1514
33.253 1514
33.267 1514
33.2811 1514
33.2952 1514
33.313 1515
33.3271 1515
33.3431 1515
33.3571 1515
33.3731 1515
33.3869 1515
33.401 1515
33.4179 1515
33.4342 1515
33.448 1515
33.4651 1515
33.4811 1516
33.494 1516
33.5121 1516
33.531 1516
33.5491 1516
33.566 1516
33.5801 1516
33.5951 1516
33.612 1516
33.628 1516
33.643 1516
33.658 1516
33.6771 1517
33.6912 1517
33.7059 1517
33.72 1517
33.7341 1517
33.7481 1517
33.7632 1517
33.7791 1518
33.7951 1518
33.8111 1518
33.8252 1518
33.8411 1518
33.855 1518
33.8709 1518
33.8881 1518
33.9041 1519
33.922 1519
33.937 1519
33.952 1519
33.9651 1519
33.982 1519
33.998 1519
34.0149 1519
34.029 1520
34.045 1520
34.06 1520
34.0741 1520
34.09 1520
34.106 1520
34.1201 1520
34.1341 1521
34.1492 1521
34.163 1521
34.1771 1521
34.193 1522
34.2071 1522
34.224 1522
34.24 1522
34.2541 1522
34.27 1522
34.287 1522
34.301 1523
34.3151 1523
34.332 1523
34.3451 1523
34.358 1523
34.3721 1523
34.385 1523
34.4009 1524
34.416 1524
34.43 1524
34.447 1524
34.462 1525
34.4779 1525
34.492 1525
34.507 1526
34.5211 1526
34.5421 1526
34.5612 1526
34.5781 1527
34.5931 1527
34.6069 1527
34.6241 1527
34.6382 1528
34.6601 1529
34.6751 1529
34.6901 1530
34.7061 1530
34.723 1531
34.7371 1531
34.7559 1532
34.7691 1532
34.785 1532
34.8001 1532
34.8141 1533
34.8291 1533
34.842 1534
34.857 1534
34.8701 1534
34.8852 1534
34.899 1534
34.9131 1534
34.9271 1534
34.941 1535
34.9591 1535
34.9741 1535
34.9901 1535
35.006 1535
35.0192 1535
35.0361 1536
35.053 1536
35.068 1537
35.0821 1537
35.095 1537
35.109 1537
35.1231 1538
35.1381 1538
35.1532 1538
35.167 1538
35.182 1539
35.197 1540
35.2111 1541
35.2252 1541
35.238 1541
35.254 1542
35.2681 1542
35.284 1542
35.2981 1542
35.3119 1543
35.3281 1543
35.3432 1543
35.358 1543
35.373 1544
35.388 1544
35.403 1545
35.4171 1545
35.4331 1546
35.4471 1546
35.465 1547
35.4781 1547
35.4919 1548
35.506 1548
35.522 1549
35.538 1549
35.5551 1550
35.5701 1550
35.584 1551
35.598 1552
35.6162 1554
35.6309 1554
35.646 1555
35.6591 1555
35.6741 1556
35.687 1557
35.7041 1557
35.718 1558
35.732 1558
35.7451 1558
35.7602 1559
35.7761 1560
35.7912 1561
35.8109 1564
35.825 1564
35.84 1564
35.8541 1565
35.8691 1565
35.8841 1565
35.9011 1567
35.917 1568
35.934 1574
35.949 1575
35.9631 1575
35.9781 1576
35.9921 1576
36.006 1577
36.0191 1577
36.0351 1578
36.0501 1580
36.0651 1581
36.0792 1584
36.093 1585
36.1071 1585
36.1221 1586
36.1371 1586
36.1521 1586
36.166 1587
36.181 1587
36.195 1587
36.2091 1588
36.2229 1589
36.236 1590
36.2542 1592
36.267 1593
36.2811 1593
36.294 1593
36.309 1593
36.3221 1594
36.3359 1594
36.35 1594
36.3641 1594
36.3801 1594
36.3951 1594
36.4091 1595
36.422 1595
36.4351 1595
36.448 1595
36.463 1595
36.4771 1595
36.4912 1596
36.5059 1596
36.521 1596
36.5372 1597
36.552 1598
36.5651 1598
36.5801 1598
36.5942 1599
36.608 1599
36.623 1599
36.6361 1599
36.649 1600
36.6631 1600
36.6762 1600
36.691 1601
36.705 1601
36.7169 1601
36.732 1602
36.747 1602
36.763 1605
36.777 1606
36.7901 1606
36.804 1606
36.818 1606
36.8321 1607
36.8471 1607
36.86 1607
36.8731 1607
36.8881 1607
36.9041 1607
36.9191 1608
36.932 1608
36.948 1608
36.963 1609
36.9771 1610
36.9902 1610
37.004 1610
37.0221 1611
37.0371 1611
37.0522 1611
37.065 1612
37.0791 1612
37.0932 1612
37.106 1613
37.1192 1613
37.132 1613
37.1451 1613
37.158 1613
37.1711 1614
37.1861 1614
37.2012 1614
37.214 1614
37.2272 1615
37.241 1615
37.2581 1615
37.2732 1615
37.288 1616
37.3011 1616
37.3139 1616
37.3271 1616
37.3411 1616
37.353 1617
37.3681 1617
37.385 1617
37.3991 1617
37.4141 1618
37.4291 1618
37.4432 1618
37.457 1618
37.4701 1619
37.483 1619
37.4961 1619
37.5111 1619
37.528 1619
37.5412 1620
37.5581 1620
37.57 1620
37.585 1620
37.5981 1621
37.611 1621
37.6251 1622
37.6401 1623
37.653 1623
37.668 1624
37.6821 1624
37.694 1624
37.7071 1624
37.72 1624
37.7359 1625
37.7481 1625
37.7631 1625
37.7769 1625
37.791 1625
37.806 1626
37.8201 1626
37.833 1626
37.8489 1627
37.863 1627
37.8771 1627
37.8911 1628
37.9062 1628
37.921 1628
37.935 1628
37.9481 1629
37.962 1629
37.976 1629
37.9891 1629
38.003 1629
38.0161 1629
38.0301 1629
38.044 1629
38.059 1630
38.0731 1630
38.0859 1630
38.0991 1630
38.111 1630
38.1231 1630
38.136 1630
38.1501 1630
38.162 1630
38.1761 1630
38.188 1631
38.202 1631
38.218 1631
38.2321 1631
38.245 1631
38.2581 1632
38.271 1632
38.2841 1632
38.2991 1632
38.312 1632
38.3251 1633
38.3379 1633
38.352 1633
38.3661 1633
38.379 1633
38.3921 1634
38.408 1634
38.4212 1634
38.4331 1634
38.4481 1634
38.461 1634
38.4741 1634
38.487 1635
38.5001 1635
38.512 1635
38.5292 1635
38.543 1635
38.5571 1635
38.569 1635
38.5821 1635
38.594 1635
38.6081 1635
38.62 1635
38.6322 1636
38.645 1636
38.6591 1636
38.671 1636
38.6851 1636
38.697 1637
38.7111 1637
38.7251 1637
38.739 1638
38.753 1638
38.7661 1638
38.78 1638
38.7959 1639
38.8091 1639
38.821 1639
38.8331 1639
38.847 1639
38.861 1640
38.8751 1640
38.887 1640
38.9011 1640
38.913 1640
38.9271 1641
38.94 1641
38.9521 1641
38.9659 1641
38.9791 1641
38.991 1641
39.0041 1641
39.017 1641
39.0301 1641
39.042 1642
39.0542 1642
39.068 1642
39.0821 1642
39.094 1642
39.108 1642
39.12 1642
39.134 1642
39.1481 1642
39.161 1642
39.1741 1642
39.1881 1642
39.202 1643
39.216 1643
39.228 1643
39.2411 1643
39.253 1643
39.2671 1643
39.2849 1643
39.3012 1644
39.3131 1644
39.325 1644
39.3391 1644
39.3519 1644
39.367 1644
39.381 1644
39.3941 1644
39.408 1644
39.4201 1644
39.432 1644
39.4461 1645
39.459 1645
39.475 1645
39.49 1645
39.501 1645
39.5141 1645
39.531 1645
39.5451 1645
39.5579 1645
39.572 1645
39.5851 1645
39.5989 1645
39.6121 1646
39.624 1646
39.6349 1646
39.6481 1646
39.6621 1646
39.6731 1646
39.686 1646
39.6991 1646
39.711 1646
39.7241 1646
39.737 1646
39.7491 1646
39.7611 1646
39.773 1647
39.7851 1647
39.798 1647
39.8111 1647
39.824 1647
39.8381 1647
39.85 1647
39.8631 1647
39.8741 1647
39.886 1647
39.8982 1647
39.911 1648
39.922 1648
39.9351 1648
39.948 1648
39.9611 1648
39.973 1648
39.9861 1648
39.9981 1649
40.01 1649
40.0231 1649
40.036 1649
40.0481 1649
40.0591 1650
40.072 1650
40.0841 1650
40.096 1650
40.107 1650
40.1201 1650
40.132 1650
40.143 1651
40.1549 1651
40.1671 1651
40.179 1651
40.19 1651
40.2021 1651
40.215 1651
40.226 1651
40.24 1651
40.251 1651
40.2629 1651
40.2741 1651
40.2861 1651
40.298 1651
40.3101 1652
40.3221 1652
40.3349 1652
40.3461 1652
40.359 1652
40.3731 1652
40.3841 1652
40.396 1652
40.4081 1652
40.4201 1652
40.431 1652
40.4441 1652
40.457 1652
40.4692 1652
40.4801 1652
40.4911 1652
40.504 1652
40.5149 1652
40.529 1653
40.5421 1653
40.555 1653
40.5672 1653
40.58 1653
40.592 1653
40.6051 1653
40.617 1653
40.6291 1653
40.6411 1653
40.653 1653
40.6651 1653
40.678 1653
40.6899 1654
40.7021 1654
40.7131 1654
40.7259 1654
40.7391 1654
40.75 1654
40.761 1654
40.7741 1654
40.787 1654
40.7991 1654
40.8101 1654
40.8211 1654
40.833 1654
40.844 1654
40.8552 1654
40.8671 1655
40.8781 1655
40.8912 1655
40.9031 1655
40.915 1655
40.9269 1655
40.9381 1655
40.9491 1655
40.9601 1656
40.971 1656
40.9842 1656
40.9961 1656
41.008 1656
41.0211 1657
41.0321 1657
41.045 1657
41.0571 1657
41.069 1658
41.081 1658
41.095 1658
41.106 1658
41.1181 1658
41.131 1658
41.1429 1659
41.1551 1659
41.167 1659
41.178 1659
41.1911 1659
41.204 1660
41.2171 1660
41.2281 1660
41.239 1660
41.2509 1660
41.2631 1661
41.275 1661
41.2869 1661
41.3001 1661
41.311 1661
41.3229 1661
41.3351 1661
41.348 1662
41.3601 1662
41.3721 1662
41.383 1662
41.3949 1662
41.4081 1663
41.4209 1663
41.4321 1663
41.4431 1663
41.4541 1664
41.465 1664
41.477 1664
41.4901 1664
41.501 1664
41.512 1664
41.523 1664
41.539 1664
41.5511 1665
41.563 1665
41.575 1665
41.5881 1665
41.6 1665
41.61 1665
41.621 1665
41.6319 1665
41.6431 1665
41.6551 1665
41.666 1665
41.677 1665
41.688 1666
41.6992 1666
41.7089 1666
41.7211 1666
41.7321 1666
41.744 1666
41.755 1666
41.7662 1666
41.779 1666
41.79 1666
41.801 1666
41.8119 1667
41.8241 1667
41.8341 1667
41.846 1667
41.858 1667
41.8701 1667
41.8811 1667
41.8921 1668
41.903 1668
41.9149 1668
41.9271 1668
41.9381 1668
41.9509 1669
41.961 1669
41.9731 1669
41.9831 1669
41.996 1669
42.0091 1670
42.0201 1670
42.031 1670
42.042 1670
42.0539 1671
42.069 1673
42.083 1674
42.094 1674
42.1062 1675
42.1171 1675
42.1281 1675
42.141 1676
42.151 1676
42.1619 1676
42.1751 1677
42.187 1678
42.1979 1678
42.2091 1678
42.2211 1679
42.232 1679
42.2421 1679
42.253 1679
42.264 1680
42.2781 1682
42.29 1683
42.3 1683
42.3131 1684
42.3281 1686
42.341 1687
42.3541 1688
42.366 1689
42.376 1689
42.3901 1690
42.4039 1692
42.4139 1692
42.424 1692
42.4352 1692
42.4471 1693
42.4571 1693
42.4681 1693
42.479 1693
42.4891 1693
42.501 1694
42.511 1694
42.522 1694
42.5382 1695
42.551 1695
42.563 1696
42.5751 1697
42.5861 1697
42.5971 1698
42.608 1698
42.619 1699
42.6321 1700
42.6421 1700
42.6531 1700
42.6641 1701
42.675 1701
42.686 1701
42.6991 1703
42.7101 1704
42.7201 1704
42.731 1705
42.743 1706
42.753 1706
42.7651 1707
42.7761 1707
42.7861 1707
42.798 1708
42.8081 1708
42.82 1709
42.8321 1710
42.8421 1710
42.8522 1710
42.8631 1710
42.8731 1711
42.8841 1711
42.8941 1711
42.9051 1711
42.9151 1711
42.9251 1711
42.9361 1711
42.9461 1711
42.9561 1711
42.9661 1711
42.9771 1712
42.9871 1712
42.9971 1712
43.0071 1712
43.0181 1712
43.0281 1712
43.0381 1712
43.0481 1712
43.0591 1712
43.0691 1712
43.0791 1712
43.0892 1713
43.0992 1713
43.1101 1713
43.119 1713
43.1302 1713
43.1399 1713
43.1571 1713
43.169 1714
43.18 1714
43.19 1714
43.201 1714
43.211 1715
43.222 1715
43.232 1715
43.242 1715
43.252 1715
43.263 1716
43.273 1716
43.283 1716
43.294 1716
43.3052 1717
43.3161 1717
43.3261 1717
43.3371 1718
43.3471 1718
43.3571 1718
43.3671 1718
43.3772 1718
43.3869 1718
43.3981 1719
43.4082 1719
43.4182 1719
43.4279 1719
43.438 1719
43.4492 1720
43.4589 1720
43.469 1720
43.4802 1721
43.4899 1721
43.4999 1721
43.5112 1722
43.5221 1722
43.535 1723
43.546 1723
43.556 1723
43.5669 1724
43.577 1724
43.587 1724
43.5979 1725
43.6091 1725
43.6192 1725
43.6292 1725
43.6389 1725
43.6521 1728
43.6621 1729
43.6721 1729
43.6831 1729
43.6931 1730
43.7031 1730
43.715 1732
43.726 1733
43.7369 1734
43.7481 1735
43.762 1740
43.7729 1741
43.7911 1751
43.802 1752
