0.000953674 109
0.0419617 110
0.0491142 110
0.0560284 111
0.0610352 111
0.0660419 112
0.0710487 111
0.0760555 116
0.0810623 117
0.0889301 118
0.0939369 117
0.0989437 119
0.103951 120
0.108957 116
0.113964 121
0.118971 112
0.123024 122
0.128031 118
0.132084 119
0.137091 117
0.141144 120
0.146151 116
0.149965 119
0.154972 121
0.159025 133
0.164032 134
0.169039 121
0.173092 134
0.178099 122
0.182152 135
0.18692 136
0.190973 137
0.19598 134
0.200033 140
0.20504 135
0.209093 141
0.2141 137
0.218153 146
0.222921 147
0.227928 148
0.231981 149
0.236988 148
0.241041 149
0.245094 147
0.250101 153
0.253916 154
0.258923 154
0.262976 155
0.267029 149
0.272036 154
0.276089 155
0.281096 147
0.286102 154
0.289917 156
0.294924 141
0.298977 156
0.30303 158
0.308037 154
0.31209 159
0.316143 155
0.319958 160
0.324011 155
0.329018 161
0.333071 162
0.338078 162
0.343084 163
0.347137 163
0.350952 165
0.355959 166
0.360966 158
0.365019 163
0.369072 165
0.374079 161
0.378132 156
0.381947 163
0.386953 174
0.391006 175
0.39506 163
0.400066 178
0.404119 178
0.407934 165
0.412941 178
0.416994 175
0.421047 179
0.4251 179
0.430107 180
0.433922 178
0.438929 174
0.442982 181
0.448942 182
0.453949 166
0.458002 179
0.463009 183
0.467062 183
0.472069 183
0.476122 183
0.481129 178
0.484943 178
0.488997 184
0.494003 184
0.49901 184
0.504017 175
0.50807 166
0.513077 184
0.51713 185
0.520945 179
0.525951 174
0.530005 178
0.534058 186
0.539064 163
0.543118 175
0.548124 186
0.551939 179
0.555992 187
0.560999 187
0.565052 187
0.569105 174
0.57292 187
0.576973 188
0.58198 188
0.586033 188
0.59104 186
0.595093 185
0.599146 179
0.602961 189
0.607967 189
0.61202 186
0.616074 179
0.620127 190
0.623941 190
0.627995 190
0.632048 190
0.637054 190
0.641108 188
0.644922 190
0.648975 185
0.653982 191
0.658035 191
0.662088 187
0.666142 191
0.671148 179
0.674963 190
0.679016 190
0.683069 192
0.687122 185
0.690937 193
0.695944 193
0.699997 193
0.70405 190
0.709057 194
0.71311 194
0.716925 194
0.720978 185
0.725031 193
0.729084 195
0.734091 195
0.738144 196
0.741959 187
0.746012 196
0.751019 194
0.755072 196
0.759125 196
0.762939 188
0.766993 192
0.771046 197
0.775099 197
0.780106 197
0.78392 197
0.788927 197
0.79298 197
0.797033 197
0.80204 191
0.806093 198
0.810146 197
0.813961 198
0.818014 198
0.822067 197
0.82612 194
0.829935 198
0.833988 198
0.838041 198
0.842094 196
0.846148 191
0.849962 198
0.854969 196
0.859022 194
0.863075 198
0.867128 199
0.870943 199
0.874996 199
0.879049 199
0.882149 195
0.885963 199
0.89097 199
0.895023 199
0.899076 199
0.90313 200
0.906944 200
0.911951 187
0.916004 200
0.920057 200
0.92411 200
0.926971 200
0.931025 200
0.935078 197
0.939131 201
0.942945 200
0.946999 201
0.951052 201
0.956059 201
0.960112 196
0.963926 194
0.967979 202
0.972033 202
0.976086 188
0.980139 200
0.983953 202
0.988007 202
0.991106 202
0.994921 202
0.998974 202
1.00303 203
1.00708 203
1.01113 197
1.01495 202
1.019 203
1.02305 198
1.02711 196
1.03092 203
1.03402 203
1.03807 204
1.04213 204
1.04594 194
1.05 205
1.05405 204
1.05715 203
1.06096 205
1.06502 199
1.06907 200
1.07193 205
1.07598 205
1.08004 205
1.09911 203
1.10602 206
1.11294 203
1.11914 205
1.1251 203
1.13201 206
1.13797 206
1.14512 206
1.15204 206
1.158 206
1.16515 203
1.17302 206
1.17993 207
1.18303 206
1.18709 207
1.19114 207
1.19495 196
1.19901 207
1.20306 207
1.20711 207
1.21093 207
1.21498 200
1.21903 207
1.22213 208
1.22595 203
1.23 206
1.2331 194
1.23692 208
1.24097 201
1.24502 208
1.24907 208
1.25313 208
1.25694 202
1.261 201
1.26505 208
1.26815 208
1.27196 209
1.27602 209
1.28007 202
1.28293 203
1.28698 209
1.29104 207
1.29414 203
1.29795 210
1.302 210
1.30606 201
1.30892 210
1.31297 210
1.31702 210
1.32012 211
1.32394 203
1.32704 211
1.33109 211
1.33514 211
1.33801 211
1.34206 211
1.34492 211
1.34897 209
1.35207 211
1.35612 211
1.35899 207
1.36304 212
1.369 212
1.37401 198
1.38211 212
1.38807 212
1.39499 212
1.39999 213
1.40309 213
1.40715 213
1.41001 212
1.41406 213
1.41811 198
1.42193 213
1.42503 213
1.42908 212
1.43194 208
1.436 203
1.44005 207
1.44315 214
1.44696 214
1.45006 214
1.45411 207
1.45698 208
1.46794 214
1.47295 200
1.477 214
1.48106 214
1.48511 213
1.48797 214
1.49202 212
1.49512 209
1.49894 215
1.50204 214
1.50514 212
1.50895 198
1.513 215
1.5161 215
1.51896 215
1.52302 215
1.52612 215
1.52993 208
1.53399 214
1.53708 214
1.53995 213
1.544 212
1.5471 199
1.55115 198
1.55497 216
1.55807 216
1.56212 216
1.56498 216
1.56903 211
1.57213 203
1.57595 214
1.57905 213
1.5831 214
1.58596 215
1.58906 216
1.59192 217
1.59597 216
1.59907 217
1.60193 212
1.60599 215
1.60909 214
1.61314 201
1.616 198
1.62005 215
1.62292 218
1.62697 217
1.63007 208
1.63412 203
1.63698 215
1.64008 214
1.64413 213
1.647 219
1.65009 216
1.65415 217
1.65701 219
1.66011 219
1.66297 194
1.66702 204
1.67108 215
1.67394 214
1.67704 214
1.68109 211
1.68395 199
1.688 215
1.6911 220
1.69396 220
1.69897 220
1.70207 213
1.70493 221
1.70803 210
1.71208 211
1.71494 215
1.71804 214
1.7221 201
1.72496 222
1.72901 222
1.73211 216
1.73593 219
1.73903 211
1.74212 195
1.74594 207
1.74999 205
1.75309 223
1.75714 223
1.76001 210
1.76311 223
1.76692 211
1.77097 215
1.77407 214
1.77693 206
1.78099 224
1.78409 217
1.78695 219
1.79005 224
1.7941 225
1.79696 216
1.80006 220
1.80292 202
1.80697 201
1.81103 211
1.81413 203
1.81794 226
1.82199 226
1.82509 210
1.82796 199
1.83201 227
1.83511 227
1.83892 224
1.84202 214
1.84512 227
1.84798 227
1.85204 211
1.85513 222
1.85895 227
1.86205 226
1.86515 228
1.86801 223
1.87111 210
1.87397 228
1.87802 217
1.88112 214
1.88398 228
1.88804 228
1.89114 228
1.894 197
1.89805 207
1.9021 211
1.90496 226
1.90806 229
1.91092 198
1.91498 210
1.91903 200
1.92213 207
1.92595 211
1.92904 231
1.9331 222
1.93596 226
1.93906 232
1.94192 228
1.94502 226
1.94812 225
1.95098 208
1.95503 228
1.95813 200
1.96195 207
1.96505 204
1.9691 211
1.97196 232
1.97506 228
1.97911 229
1.98197 228
1.98507 211
1.98793 202
1.99199 205
1.99509 231
1.99795 227
2.00105 208
2.0051 210
2.00796 211
2.01201 208
2.01511 206
2.01893 232
2.02203 231
2.02513 227
2.02799 223
2.03109 228
2.03395 201
2.038 208
2.0411 211
2.04492 214
2.04802 226
2.05112 223
2.05398 208
2.05803 205
2.06208 225
2.06494 204
2.06804 206
2.0721 203
2.07615 208
2.07901 224
2.08592 203
2.09093 208
2.09403 205
2.09808 226
2.10094 224
2.10404 215
2.1081 209
2.11096 204
2.11501 206
2.11811 225
2.12097 219
2.12502 228
2.12812 203
2.13099 209
2.13504 231
2.13814 227
2.141 224
2.1441 209
2.14696 215
2.15101 219
2.15411 228
2.15697 213
2.16007 206
2.16413 231
2.16699 227
2.17009 217
2.17295 216
2.17605 207
2.1801 204
2.18296 228
2.18606 224
2.19011 228
2.19202 205
2.19607 250
2.19893 228
2.20203 228
2.20513 202
2.20895 201
2.21205 206
2.2161 211
2.21896 251
2.22301 228
2.22611 213
2.22898 199
2.23303 214
2.23613 253
2.23994 215
2.24304 211
2.24614 211
2.24996 254
2.25306 254
2.25592 255
2.25902 255
2.26212 215
2.26498 219
2.26903 216
2.27213 228
2.27499 256
2.27809 214
2.28095 211
2.285 228
2.2881 256
2.29096 215
2.29406 219
2.29692 216
2.30002 208
2.30408 211
2.30694 214
2.31004 251
2.31314 260
2.316 215
2.3191 219
2.32315 208
2.32601 211
2.32911 214
2.33293 254
2.33603 255
2.33793 261
2.34103 228
2.34509 260
2.34699 260
2.35009 208
2.35415 213
2.35701 222
2.36011 215
2.36392 207
2.36702 219
2.37012 207
2.37393 203
2.37703 209
2.38109 222
2.38395 228
2.38705 209
2.39015 206
2.39396 217
2.39706 216
2.40111 228
2.40397 224
2.40707 223
2.40993 228
2.41303 197
2.41709 228
2.41995 224
2.42305 226
2.42615 223
2.42901 228
2.43211 225
2.43497 228
2.43807 193
2.44212 226
2.44498 211
2.44904 225
2.45214 213
2.455 231
2.4581 227
2.46096 208
2.46501 224
2.46811 228
2.47097 208
2.47407 228
2.47693 211
2.48098 231
2.48408 227
2.48694 253
2.49004 224
2.49314 190
2.49696 254
2.50006 184
2.50411 255
2.50697 228
2.51007 224
2.51293 228
2.51603 228
2.51913 253
2.52199 254
2.52509 228
2.52795 228
2.53105 190
2.5351 255
2.53797 228
2.54107 207
2.54512 208
2.54798 191
2.55203 251
2.55513 215
2.55799 228
2.56109 181
2.56515 190
2.56896 228
2.57206 219
2.57611 212
2.57897 228
2.58207 261
2.58493 210
2.58803 209
2.59209 251
2.59495 207
2.59805 228
2.60115 228
2.60401 209
2.60806 192
2.61211 206
2.61497 261
2.61807 217
2.62094 216
2.63095 228
2.63405 191
2.6381 182
2.64311 213
2.64597 211
2.64907 208
2.65312 206
2.65694 208
2.66004 211
2.66314 206
2.66695 207
2.671 212
2.6741 210
2.67696 207
2.68102 194
2.68507 195
2.68912 197
2.69294 214
2.69604 200
2.70009 213
2.70295 200
2.707 206
2.7101 202
2.71392 211
2.71797 214
2.72107 206
2.72393 214
2.72799 203
2.73108 212
2.73514 210
2.738 203
2.74205 207
2.74515 211
2.74897 206
2.75207 202
2.75612 201
2.75993 199
2.76303 206
2.76709 206
2.77114 211
2.774 211
2.7771 206
2.78115 214
2.78401 211
2.78807 208
2.79093 215
2.79403 219
2.79713 209
2.80094 209
2.80404 206
2.80809 217
2.81096 216
2.81405 228
2.81692 211
2.82097 208
2.82407 208
2.82812 207
2.83098 228
2.83408 224
2.83813 228
2.841 228
2.8441 213
2.84696 219
2.85006 224
2.85292 212
2.85602 210
2.86007 211
2.86293 207
2.86698 210
2.87008 215
2.87294 216
2.877 214
2.8801 215
2.88296 222
2.88606 223
2.88892 208
2.89297 226
2.89607 216
2.89893 225
2.90203 200
2.90608 206
2.90895 211
2.913 231
2.9161 227
2.91896 253
2.9211 187
2.92492 198
2.92897 206
2.93303 254
2.93612 198
2.93994 184
2.94399 184
2.94805 255
2.95115 187
2.95496 201
2.95806 196
2.96211 199
2.96593 194
2.96998 198
2.97403 251
2.97713 261
2.97999 214
2.98309 228
2.98595 224
2.98905 211
2.99311 228
2.99597 210
2.99907 215
3.00193 216
3.00598 214
3.00908 224
3.01194 228
3.01504 219
3.01814 228
3.021 222
3.0241 215
3.02792 223
3.03102 208
3.03411 226
3.03698 216
3.04103 225
3.04413 200
3.04794 231
3.05104 227
3.05414 253
3.057 187
3.06106 198
3.06392 254
3.06797 198
3.07107 184
3.07608 184
3.08013 255
3.08514 187
3.09014 201
3.09396 196
3.09801 199
3.10111 194
3.10493 198
3.10898 251
3.11208 261
